# Number of parameters = 1360 Objective function value = 7940.71590225179  Maximum gradient component = 0.000541427940266214
# log_avgrec:
0.00000000000
# log_avginit:
0.00000000000
# log_avg_F:
-1.60000000000
# natmort_phi:
0.00000000000
# log_q_bts:
0.00000000000
# log_q_std_area:
-0.600000000000
# bt_slope:
0.00000000000
# log_q_ats:
-0.662467740815
# log_Rzero:
10.0952988115
# steepness:
0.619813685048
# log_q_cpue:
-0.118422009736
# log_q_avo:
-8.23602406351
# log_initdevs:
 8.01786531139 7.51573976978 5.96013781446 5.19341617078 6.22015248852 5.43167373156 4.27502832386 3.80894461241 3.81894307641 3.82538870335 3.82926414264 3.82734101950 3.82573913509 3.82411234717
# log_rec_devs:
 8.71499233255 9.92154410322 9.60958494694 10.1404204939 10.0213186425 10.1978948527 10.0989166506 9.60547013548 9.39819048321 10.2172179771 9.88386149413 9.70499205215 9.44622119382 9.49630726211 10.1145116211 10.9525742971 10.2284159295 10.3804232605 9.82675939025 10.8477865178 9.56293883688 10.4221311836 9.48957340700 8.89848131871 8.62033197345 9.35603522060 10.8097715084 10.2091459091 10.0539824804 10.7157177548 9.63816039453 9.29688149414 10.0172657030 10.3081153171 9.59421206992 9.67964373388 10.1056151162 10.4509022395 10.0465929593 9.57159337321 8.77514097958 8.42659455539 9.34565130357 10.1319312060 9.50807648090 10.8169961495 10.0357870487 9.57247124790 9.42916355283 10.6788819704 10.8170652914 9.98213189557 9.01527750906 9.02066145093 9.73254306830 11.2308823025 9.88656437846 9.37680399564 9.36921628140 9.83859345662 9.90968448105
# larv_rec_devs:
 0.00000000000 0.00000000000 0.00000000000 0.00000000000 0.00000000000 0.00000000000 0.00000000000 0.00000000000 0.00000000000 0.00000000000 0.00000000000
 0.00000000000 0.00000000000 0.00000000000 0.00000000000 0.00000000000 0.00000000000 0.00000000000 0.00000000000 0.00000000000 0.00000000000 0.00000000000
 0.00000000000 0.00000000000 0.00000000000 0.00000000000 0.00000000000 0.00000000000 0.00000000000 0.00000000000 0.00000000000 0.00000000000 0.00000000000
 0.00000000000 0.00000000000 0.00000000000 0.00000000000 0.00000000000 0.00000000000 0.00000000000 0.00000000000 0.00000000000 0.00000000000 0.00000000000
 0.00000000000 0.00000000000 0.00000000000 0.00000000000 0.00000000000 0.00000000000 0.00000000000 0.00000000000 0.00000000000 0.00000000000 0.00000000000
 0.00000000000 0.00000000000 0.00000000000 0.00000000000 0.00000000000 0.00000000000 0.00000000000 0.00000000000 0.00000000000 0.00000000000 0.00000000000
 0.00000000000 0.00000000000 0.00000000000 0.00000000000 0.00000000000 0.00000000000 0.00000000000 0.00000000000 0.00000000000 0.00000000000 0.00000000000
 0.00000000000 0.00000000000 0.00000000000 0.00000000000 0.00000000000 0.00000000000 0.00000000000 0.00000000000 0.00000000000 0.00000000000 0.00000000000
 0.00000000000 0.00000000000 0.00000000000 0.00000000000 0.00000000000 0.00000000000 0.00000000000 0.00000000000 0.00000000000 0.00000000000 0.00000000000
 0.00000000000 0.00000000000 0.00000000000 0.00000000000 0.00000000000 0.00000000000 0.00000000000 0.00000000000 0.00000000000 0.00000000000 0.00000000000
 0.00000000000 0.00000000000 0.00000000000 0.00000000000 0.00000000000 0.00000000000 0.00000000000 0.00000000000 0.00000000000 0.00000000000 0.00000000000
# log_F_devs:
 -2.26178205334 -2.28122644950 -2.37231015039 -1.78696091796 -1.82422818992 -1.78502902477 -1.41133487645 -1.07218522571 -0.951143926241 -0.811251412561 -0.735856211902 -0.949766836501 -1.05122597463 -1.12814088044 -0.999040448439 -0.926015496032 -0.974543189270 -1.27290510225 -1.70120490200 -1.89667799136 -1.93589797082 -1.93902355724 -2.02348185501 -2.33807705528 -2.03970742519 -1.99435511691 -1.59034926615 -1.38835871847 -1.07559125396 -1.53781340224 -1.78289364441 -1.81108048350 -1.65243171792 -1.65282436493 -1.82541361199 -2.03307477805 -1.91771354341 -1.75414186264 -1.57794301766 -1.50199627413 -1.61160974241 -1.66958690640 -1.46217875739 -1.38225322139 -1.28053667041 -1.31165635582 -1.49664277063 -1.18704686623 -1.19494171861 -1.27490728069 -1.35165901932 -1.29310432079 -1.62344464795 -1.63538932728 -1.85748845598 -1.77090981866 -1.53713808986 -1.59244449950 -1.93441669173 -1.93859626021 -1.81145307829
# sigr:
1.00000000000
# sel_devs_fsh:
 0.0491906638634 0.0827179267936 0.121357834468 -0.0729517875994 -0.0400738995349 -0.0771586660953 -0.0446011950439 -0.0283387199854 -0.0118987443990 0.000439094261976 0.00829806583877 0.0130194274317
 0.0486888697627 0.0840552278458 0.220350993851 -0.172786697865 -0.117059063098 -0.0561751735400 -0.0369473214614 -0.0117475157583 -0.00217590784953 0.00676796754217 0.0151826621538 0.0218459584169
 0.116623760101 0.0880484993162 -0.0152252421389 -0.0271391172800 -0.131549077328 -0.0369902061065 -0.0250296544015 -0.0128416779127 0.00226681054732 0.00841730862762 0.0142696162957 0.0191489802795
 0.119211870513 0.0506117682130 0.137101915961 -0.138854835411 -0.174455185971 -0.0403247153319 -0.0270697134205 -0.00689759588664 0.00775374486254 0.0188986624820 0.0251242337144 0.0288998502748
 0.168151350878 0.117726518426 -0.0500616634154 -0.323052282561 -0.149753927450 -0.0147788311356 0.00545300756377 0.0243120560594 0.0395049682952 0.0513227360893 0.0602713604583 0.0709047067922
 -0.000369546819891 0.0181831346104 -0.0942325614640 -0.0969223634938 -0.0262214565273 0.0151184489897 0.00840848384936 0.0230950998483 0.0307061326699 0.0349540309900 0.0402190901781 0.0470615071693
 -0.236787807978 0.195984418723 0.118026148181 0.0583929611795 -0.0731957483476 0.0196126714718 0.00558082647747 -0.00881879094501 -0.0115638312050 -0.0159242291616 -0.0217066593531 -0.0295999590432
 -0.255993418785 0.106869750510 0.0790278487351 0.0398490075109 -0.000184815010875 0.0464484087934 0.0316605648408 0.0162636465616 -0.000660610291382 -0.0126815183554 -0.0214019427477 -0.0291969217615
 -0.212041081291 0.147651019390 0.199420764935 0.0378042475359 -0.0284696761104 -0.0275228105335 -0.0190153795595 -0.0156572994420 -0.0130856376862 -0.0154241603717 -0.0221063062107 -0.0315536806564
 -0.197819806288 -0.175608342264 0.153660832845 0.0805528870593 -0.00418353045673 0.00681392869661 0.0131421327904 0.0154867168041 0.0212602219338 0.0264069690407 0.0286394460587 0.0316485437790
 -0.199369583816 -0.0828212404512 -0.129861858576 0.132757677300 0.0647105789660 0.0338106441736 0.0305301535976 0.0304575683203 0.0301812150649 0.0305737821574 0.0306862314071 0.0283448318565
 -0.192986398726 -0.00247233630816 -0.170495448966 -0.120832426589 0.0999498893838 0.0688646473048 0.0578036436822 0.0502245630735 0.0494875803229 0.0521013879233 0.0543001253972 0.0540547735018
 -0.233531425973 -0.162254021475 -0.0792789966458 -0.0790796770616 0.0308328186288 0.0868035882464 0.0859459135853 0.0752275288276 0.0722078015314 0.0706289378498 0.0684885258548 0.0640090066315
 -0.187604266642 -0.401301455391 -0.194936356692 -0.0728413026451 0.0539128240410 0.174225844447 0.130552878079 0.122042980324 0.112538276615 0.0981078566203 0.0869253735018 0.0783773477423
 -0.203680151082 -0.495328030196 -0.293518849197 0.0498430568010 0.0942823283613 0.161446313235 0.155395467235 0.131283117933 0.111034756496 0.102344026847 0.0970636382563 0.0898343253101
 -0.169308258688 -0.281225162842 -0.279395360020 -0.0364341631379 0.107962208490 0.0791732771867 0.0988381370066 0.108422033756 0.102440190829 0.0914090230858 0.0866039562347 0.0915141180994
 -0.133837766713 -0.107485745806 -0.310744006134 -0.0183589048337 0.0156312888113 0.0685627574982 0.0648365092952 0.0793844511738 0.0847588787792 0.0842143337046 0.0841125976954 0.0889256065285
 -0.150933315411 0.0978888933063 -0.0914772546064 -0.175028859238 -0.0725658631915 0.0503330014937 0.0412590618986 0.0386081403043 0.0509988928751 0.0637317565946 0.0710528232701 0.0761327227044
 -0.138250526113 -0.154238497625 0.0596018569817 -0.0746374622388 0.0455876466049 0.0137739774841 0.0539113157418 0.0287106786820 0.0302185822479 0.0370842807405 0.0462183293658 0.0520198181282
 -0.154481803679 0.0426662353063 0.136152395922 -0.0787020154146 -0.229964688185 0.0776310952916 0.0493223563883 0.0420586369452 0.0201046460544 0.0257421839224 0.0327485445257 0.0367224129220
 -0.161134332036 -0.0319627150805 0.0752531705995 0.164002570612 -0.0162022456518 -0.0559617813742 0.0462139331513 -0.0547497602708 0.0169630538227 -0.000248159559513 0.00336186029463 0.0144644054933
 -0.162530201723 -0.0760596346546 0.126611069068 -0.0835946872352 0.0158100833079 -0.0376144970833 -0.0959829657645 0.121792708548 0.109125824886 0.0490589652997 0.0232910652443 0.0100922701059
 -0.194098029675 -0.111408625443 0.475793550255 0.0540588090482 0.118680177548 -0.0304495233012 0.0958739664181 -0.0992509919693 -0.0911044319069 -0.116679154947 -0.0614728291382 -0.0399429168885
 -0.162085908934 -0.0700347471895 -0.386824418139 0.182500471205 0.0457833124054 0.0985039919863 0.117929885971 0.123465448306 -0.0384256141838 0.0695562282139 0.0290913420438 -0.00945999168476
 -0.155520674592 -0.0412613992099 -0.347326169348 0.0216575148714 0.219619557196 0.0160225687079 -0.0688049431146 0.0702803560823 0.111907926898 -0.0189893681027 0.128820064161 0.0635945664498
 -0.0852627534680 0.00156416441456 -0.378297093293 -0.328137880709 -0.277419293784 -0.0520067357187 0.172003695128 -0.0804959414979 0.212679964853 0.127353929336 0.346821200417 0.341196744321
 -0.152863103147 -0.0728360309398 0.509226157615 -0.256721771439 -0.365549512501 -0.0233463289770 -0.0832854918983 0.251473645122 0.0806273194571 0.246495349243 -0.0996703157573 -0.0335499167782
 -0.143350818093 -0.477752892028 -0.0212395796321 0.854515317458 -0.0756685165741 0.0373970180988 0.0705518657464 0.0421298074427 0.00188659061602 -0.0688908021989 -0.133486627975 -0.0860913628602
 -0.0517484022955 0.0187116242206 -0.775932244288 -0.342335076288 1.05758840660 0.173830439958 0.0624564283237 -0.0170701924561 -0.0559576213183 -0.0224153326206 0.00970660001573 -0.0568346298502
 -0.0247376807783 0.190852130705 -0.277188579133 -0.686218477724 -0.383506236172 0.506728945522 0.158880240871 0.208347727822 0.127484618010 0.105402364725 0.0618113368033 0.0121436093486
 -0.0419348624593 0.516826719607 0.284256069727 -0.778602094473 -0.735594008357 -0.338738229623 0.294997536641 0.346392229043 0.232627091471 0.136172123322 0.0541258237432 0.0294716013582
 -0.148547195669 0.344353962483 0.149591251144 0.664804317319 -0.000102610813385 -0.409631177020 -0.406516407188 -0.340106813999 0.0371132511624 0.0639870065165 0.0288057634747 0.0162486525891
 -0.105409982376 -0.381262892595 0.282722001293 0.232266199647 0.197126495229 0.250864391439 -0.197885897479 -0.100043549259 -0.0845845616562 -0.0249585272131 -0.0400812515928 -0.0287524254369
 -0.146005593646 -0.385593400720 0.824189982486 0.451099415995 0.133793784375 -0.200896684171 0.223283874652 -0.116574070253 -0.303532988537 -0.256546763896 -0.146221480368 -0.0769960759161
 -0.0706316541911 -0.156154779704 -0.554358338125 0.307528298706 0.419141451166 0.0110648113617 -0.0261946696857 0.281492823580 -0.0274432131627 -0.103635361562 -0.0333476300442 -0.0474617383378
 -0.0291049432678 -0.209854984558 -0.465989428086 -0.315034836088 0.249025753491 0.558272446435 0.137453839338 -0.0971753582307 0.0779608670102 0.0585686506017 0.0434440005298 -0.00756600717492
 -0.0758787159029 0.163964389870 0.0695141411204 -0.0240566596111 -0.230557114110 0.0485974561484 0.0765142695478 0.0696564331722 0.0807982213046 0.00336197640493 -0.113553861506 -0.0683605364381
 -0.0819063141866 -0.336715215090 0.681349480305 -0.0564392606825 0.0342467715157 -0.156114957174 0.0252315247208 0.0478731854585 0.0150368569648 -0.00552420136880 -0.106270076104 -0.0607677943593
 -0.0410065503550 -0.149250260328 -0.669182863508 0.735631364498 0.0374161932135 -0.107536146120 -0.0236105184818 0.0256537450834 0.0577220067693 0.0499462782191 0.0854964153452 -0.00127966433596
 -0.0683974361631 0.0746657223685 -0.00531882231406 -0.336138407798 0.434594650239 0.234815104623 -0.0978576647157 -0.211063716729 -0.0553938951457 0.0566298881769 0.0411088324900 -0.0676442550319
 -0.0971854434146 0.0921529242635 0.561373530465 -0.0817172364934 -0.311379145102 -0.0528444749265 -0.0638052330527 -0.0205761388287 -0.119747102898 -0.0319301083996 0.0552692991684 0.0703891292188
 -0.0536693728939 0.0345819652153 -0.0473732558121 0.0221294372183 -0.0491942108503 0.00124263608107 0.0441217647192 -0.0951847715323 -0.0440322307595 -0.0151737811609 0.0689647641360 0.133587055639
 -0.00449956115887 -0.0673610389089 -0.535049099578 -0.131485086617 -0.0671077432210 0.0359602643632 0.0498017338647 0.141248394966 0.167399676912 0.0349828668445 0.160446033167 0.215663559367
 -0.0376584885871 -0.345873012695 0.186257261033 0.0445630119594 -0.141795537911 -0.0813952994011 -0.0526288040521 -0.0105178942856 -0.0143143806801 0.184349685405 0.159401339552 0.109612119663
 0.00780393123044 0.0848316197271 -0.611154481830 0.434415781329 0.170729927298 -0.221324111285 -0.0653294469503 0.0766438348926 0.0998078150958 0.0283869299281 -0.0571620387468 0.0523502393116
 0.0169592324038 -0.0458326755527 0.0476297840405 -1.07978211414 0.412237517496 0.340650920367 0.133532608814 0.0268371167533 0.0187944204047 0.109720572358 0.0571995145856 -0.0379468975298
 -0.0206756836238 0.203892512820 0.198252872964 0.619456136616 -1.08614922010 -0.0313715685576 0.0224877473343 0.0423196206790 0.0121110303213 -0.0720350642428 0.0151497533833 0.0965618624095
 0.00976167783624 -0.193480638267 0.0218210844474 -0.103113947386 0.522745494514 -0.580310710207 -0.159500791275 0.0458547526971 0.117345006803 0.130047668424 0.0997309539894 0.0890994484235
 -0.0183738677358 0.171849264035 -0.0220987158599 -0.149414571859 -0.0763215754777 0.279707818148 0.135159191247 -0.114420869217 -0.105233880921 -0.0399125340138 -0.0402425235091 -0.0206977348373
 -0.0165611055827 -0.507369321490 1.12194693424 0.196980761392 -0.197060482700 -0.0693069945263 -0.142972343614 -0.117692478278 -0.117823230729 -0.0600499658402 -0.0449680059445 -0.0451237669249
 0.0801044780478 -0.0987570273681 -1.44048154072 1.14446467883 0.187013975617 0.0326978065933 -0.0198225574673 0.225951721791 0.0502848648975 -0.0624751711977 -0.0421690623228 -0.0568121667015
 0.0627178985004 0.146884940384 -0.300597914722 -1.14474795708 0.753721014860 0.317392089237 0.176436370105 -0.0472618160277 0.106881285641 0.0343506556376 -0.0562028019246 -0.0495737646074
 0.0429802779194 0.201131464947 0.0702403571845 -0.541289651029 0.0732329921192 0.239452961709 0.0900882674736 0.107002773283 -0.000751758644959 -0.101943809863 -0.0999670548834 -0.0801768202159
 0.108483401835 0.790465948603 0.150391895713 -0.636072112861 -1.35505266136 0.0969965465953 0.545556116395 0.249526738227 0.155674552386 0.315816793402 -0.163199918848 -0.258587300089
 0.140748561723 1.04647903293 0.651853927340 0.720543135773 0.186764321183 -0.547000528660 -0.664160750309 -0.632926138736 -0.359330947882 -0.357621834304 0.0150559256700 -0.200404704727
 -0.0349173194606 0.411488970012 1.00104448528 -0.208427794238 -0.122441078816 -0.519692456873 -0.198205459776 0.152992231270 -0.140946063484 -0.166560077968 -0.120962018160 -0.0533734177836
 7.24868465821e-05 0.114908321481 -0.323995678263 0.749271308179 0.0993262762268 -0.0421084787350 -0.196188920384 -0.0517794661960 -0.0858611990793 -0.226142597083 -0.0612523055853 0.0237502525927
 0.0305254400855 -0.357958577571 -0.129457798431 -0.00664855565372 0.700299998284 0.236654484275 -0.292408750655 -0.290920775268 -0.00715249416611 0.0624540359865 -0.00108803594436 0.0557010290582
 4.24857413174e-06 0.00337399471110 0.00417004566628 0.177035676408 -0.0102861101393 -0.145680667890 0.0682353936471 -0.131763580256 -0.141462211141 -0.0113544031601 0.0356414356456 0.152086177935
# sel_devs_bts:
 0.00000000000 0.00000000000 0.00000000000 0.00000000000 0.00000000000 0.00000000000 0.00000000000 0.00000000000
 0.00000000000 0.00000000000 0.00000000000 0.00000000000 0.00000000000 0.00000000000 0.00000000000 0.00000000000
 0.00000000000 0.00000000000 0.00000000000 0.00000000000 0.00000000000 0.00000000000 0.00000000000 0.00000000000
 0.00000000000 0.00000000000 0.00000000000 0.00000000000 0.00000000000 0.00000000000 0.00000000000 0.00000000000
 0.00000000000 0.00000000000 0.00000000000 0.00000000000 0.00000000000 0.00000000000 0.00000000000 0.00000000000
 0.00000000000 0.00000000000 0.00000000000 0.00000000000 0.00000000000 0.00000000000 0.00000000000 0.00000000000
 0.00000000000 0.00000000000 0.00000000000 0.00000000000 0.00000000000 0.00000000000 0.00000000000 0.00000000000
 0.00000000000 0.00000000000 0.00000000000 0.00000000000 0.00000000000 0.00000000000 0.00000000000 0.00000000000
 0.00000000000 0.00000000000 0.00000000000 0.00000000000 0.00000000000 0.00000000000 0.00000000000 0.00000000000
 0.00000000000 0.00000000000 0.00000000000 0.00000000000 0.00000000000 0.00000000000 0.00000000000 0.00000000000
 0.00000000000 0.00000000000 0.00000000000 0.00000000000 0.00000000000 0.00000000000 0.00000000000 0.00000000000
 0.00000000000 0.00000000000 0.00000000000 0.00000000000 0.00000000000 0.00000000000 0.00000000000 0.00000000000
 0.00000000000 0.00000000000 0.00000000000 0.00000000000 0.00000000000 0.00000000000 0.00000000000 0.00000000000
 0.00000000000 0.00000000000 0.00000000000 0.00000000000 0.00000000000 0.00000000000 0.00000000000 0.00000000000
 0.00000000000 0.00000000000 0.00000000000 0.00000000000 0.00000000000 0.00000000000 0.00000000000 0.00000000000
 0.00000000000 0.00000000000 0.00000000000 0.00000000000 0.00000000000 0.00000000000 0.00000000000 0.00000000000
 0.00000000000 0.00000000000 0.00000000000 0.00000000000 0.00000000000 0.00000000000 0.00000000000 0.00000000000
 0.00000000000 0.00000000000 0.00000000000 0.00000000000 0.00000000000 0.00000000000 0.00000000000 0.00000000000
 0.00000000000 0.00000000000 0.00000000000 0.00000000000 0.00000000000 0.00000000000 0.00000000000 0.00000000000
 0.00000000000 0.00000000000 0.00000000000 0.00000000000 0.00000000000 0.00000000000 0.00000000000 0.00000000000
 0.00000000000 0.00000000000 0.00000000000 0.00000000000 0.00000000000 0.00000000000 0.00000000000 0.00000000000
 0.00000000000 0.00000000000 0.00000000000 0.00000000000 0.00000000000 0.00000000000 0.00000000000 0.00000000000
 0.00000000000 0.00000000000 0.00000000000 0.00000000000 0.00000000000 0.00000000000 0.00000000000 0.00000000000
 0.00000000000 0.00000000000 0.00000000000 0.00000000000 0.00000000000 0.00000000000 0.00000000000 0.00000000000
 0.00000000000 0.00000000000 0.00000000000 0.00000000000 0.00000000000 0.00000000000 0.00000000000 0.00000000000
 0.00000000000 0.00000000000 0.00000000000 0.00000000000 0.00000000000 0.00000000000 0.00000000000 0.00000000000
 0.00000000000 0.00000000000 0.00000000000 0.00000000000 0.00000000000 0.00000000000 0.00000000000 0.00000000000
 0.00000000000 0.00000000000 0.00000000000 0.00000000000 0.00000000000 0.00000000000 0.00000000000 0.00000000000
 0.00000000000 0.00000000000 0.00000000000 0.00000000000 0.00000000000 0.00000000000 0.00000000000 0.00000000000
 0.00000000000 0.00000000000 0.00000000000 0.00000000000 0.00000000000 0.00000000000 0.00000000000 0.00000000000
 0.00000000000 0.00000000000 0.00000000000 0.00000000000 0.00000000000 0.00000000000 0.00000000000 0.00000000000
 0.00000000000 0.00000000000 0.00000000000 0.00000000000 0.00000000000 0.00000000000 0.00000000000 0.00000000000
 0.00000000000 0.00000000000 0.00000000000 0.00000000000 0.00000000000 0.00000000000 0.00000000000 0.00000000000
 0.00000000000 0.00000000000 0.00000000000 0.00000000000 0.00000000000 0.00000000000 0.00000000000 0.00000000000
 0.00000000000 0.00000000000 0.00000000000 0.00000000000 0.00000000000 0.00000000000 0.00000000000 0.00000000000
 0.00000000000 0.00000000000 0.00000000000 0.00000000000 0.00000000000 0.00000000000 0.00000000000 0.00000000000
 0.00000000000 0.00000000000 0.00000000000 0.00000000000 0.00000000000 0.00000000000 0.00000000000 0.00000000000
 0.00000000000 0.00000000000 0.00000000000 0.00000000000 0.00000000000 0.00000000000 0.00000000000 0.00000000000
 0.00000000000 0.00000000000 0.00000000000 0.00000000000 0.00000000000 0.00000000000 0.00000000000 0.00000000000
 0.00000000000 0.00000000000 0.00000000000 0.00000000000 0.00000000000 0.00000000000 0.00000000000 0.00000000000
 0.00000000000 0.00000000000 0.00000000000 0.00000000000 0.00000000000 0.00000000000 0.00000000000 0.00000000000
 0.00000000000 0.00000000000 0.00000000000 0.00000000000 0.00000000000 0.00000000000 0.00000000000 0.00000000000
# sel_devs_ats:
 0.319190370804 0.340399571405 0.310789695747 0.301321541598 0.319920433045 0.324319246879 0.319494829835
 0.367727867356 0.376051197121 0.366960122656 0.355354267625 0.360368729240 0.367034362494 0.369055853852
 0.445737212988 0.444372213223 0.410038851354 0.421425349020 0.410023583075 0.414226485563 0.405341766143
 0.420205103330 0.514184683959 0.500787687609 0.460187854062 0.467959695996 0.472724100154 0.446465871309
 0.460029498337 0.554933126317 0.545391091838 0.506151756140 0.500567911199 0.516823103398 0.489480813475
 0.501958544106 0.530032857254 0.588731104022 0.548407689502 0.554290886983 0.525419756710 0.530927728560
 0.575484888408 0.575313152141 0.561522242295 0.589218674915 0.592069290417 0.572278971019 0.558080337862
 0.589550293956 0.604993693041 0.594482685451 0.609179843458 0.613694277438 0.599848893992 0.583812740954
 0.551626975312 0.554301290788 0.632152025089 0.648022977030 0.630474174290 0.617914897080 0.615807522793
 0.557238790464 0.572002849661 0.660028788048 0.661760910423 0.644141160593 0.636573379047 0.633251806102
 0.662925737521 0.629120636168 0.568227186399 0.602724230698 0.632922841637 0.641852639570 0.646029299467
 0.651017100833 0.625038003066 0.577453851384 0.598878657554 0.628122156524 0.641283105358 0.644655084268
 0.664079929274 0.644502249311 0.609413995602 0.625273739672 0.634520169167 0.624852732676 0.632067861619
 0.679201134771 0.646939371134 0.594102460349 0.589192445600 0.599740544451 0.614912942430 0.632372587103
 0.639607545869 0.633929863183 0.601410210593 0.601734198420 0.612348075687 0.622508551420 0.624707001808
 0.649767301779 0.606055762782 0.624322637643 0.595626137426 0.600896061485 0.609337011938 0.601102325006
 0.628414112921 0.605045114036 0.575649270056 0.585838872509 0.595106783527 0.602519019934 0.591062821876
 0.634577073034 0.597951866463 0.567692592745 0.578657019631 0.590312563202 0.598889354500 0.583955609531
 0.607465340608 0.616778554040 0.647668125873 0.630852104965 0.625338550432 0.609407335108 0.574554512522
 0.639455839526 0.619186151867 0.660679561136 0.641151432480 0.639644789750 0.631548703451 0.585822143603
 0.536920440453 0.679978544458 0.708478607873 0.679811451085 0.653251407636 0.648104672180 0.630807505926
 0.553611156398 0.657439947226 0.738227877746 0.686439409250 0.664038553046 0.652349146092 0.683517981733
 0.680065017910 0.642636954017 0.597954806821 0.691222051348 0.707985052772 0.700185930161 0.722574856640
 0.699728672117 0.676534562488 0.658701976011 0.731097771110 0.736266281435 0.733101318044 0.743596176911
 0.725795570547 0.749550629738 0.800488620513 0.784465586408 0.773257609458 0.756347730140 0.753410082939
 0.750074449652 0.781388947432 0.831040303937 0.807000478726 0.791814833913 0.786632477171 0.786869978186
 0.775958034392 0.801688436543 0.859568706338 0.829158382420 0.818985436530 0.815667570112 0.813876819275
 0.786446705830 0.803294483491 0.892596815222 0.841589213497 0.840566134278 0.837624930016 0.835879240640
 0.847653842986 0.837645043469 0.761097568440 0.844298733074 0.869157757351 0.863415086389 0.855245087648
 0.841889032172 0.838358561691 0.780703419078 0.841368804829 0.878383097143 0.870776473983 0.859652054591
# sel_coffs_fsh:
 -3.92069493015 -1.94644842605 -0.613600527546 0.807388142424 0.825408447465 0.128572619162 0.0625412661576 -0.00682327881306 -0.0636473031246 -0.102328859784 -0.130881376444 -0.153379698398
# sel_coffs_bts:
 -0.0100000000000 -0.0100000000000 -0.0100000000000 -0.0100000000000 -0.0100000000000 -0.0100000000000 -0.0100000000000 -0.0100000000000
# sel_coffs_ats:
 -0.150051980075 -0.172033459742 0.0458441869480 0.189156510312 0.208406570842 0.288971532475 0.406597784307
# sel_slp_bts:
1.00000000000
# sel_a50_bts:
5.50000000000
# sel_age_one_bts:
0.00000000000
# sel_slp_bts_dev:
 -0.707572706778 0.106851239077 0.0572016270634 -0.380896822102 -0.298810499113 -0.365884000323 -0.461578660288 -0.291970383610 0.406872107247 0.219693496724 0.167021006591 0.339304328277 0.299686431397 0.248146412022 -0.137827933491 -0.285417967719 -0.516798212666 -0.606846822069 -0.296519127260 -0.475251197761 -0.0374529478571 0.217475269107 0.104870828895 0.240071454362 -0.0588160777125 0.346039787385 0.565022046774 0.265734131119 0.834188247650 0.541912725612 0.188213543774 0.323674947303 0.528501732876 0.418499675319 0.418644450176 0.238461336709 -0.384404223064 0.0104711530321 -0.150530354886 -0.261512489516 -0.0561891208598 -0.356568387298 -0.159299578337
# sel_a50_bts_dev:
 1.77768863369 1.62565933214 1.75277185361 1.86756775206 1.89912015126 1.84330184636 1.72658456053 1.66883585966 1.59011617418 1.69487418419 1.68178807863 1.63351848545 1.72149040644 1.81853748179 2.00583633263 2.03193156080 2.12235902816 2.07430468577 1.92520356155 1.97737644841 1.85558885208 1.80225989308 1.84637925451 1.79022172114 1.89768882959 1.73108535163 1.69161813883 1.76629362192 1.58606657362 1.73959252579 1.77949842679 1.73358726481 1.66129696982 1.61436137282 1.67388019817 1.75045256376 1.97988640318 1.77481121752 1.87137658877 1.95779466165 1.85262441152 2.00150938793 1.81216395833
# sel_age_one_bts_dev:
 -2.99364763963 -2.99827821239 -2.86001329919 -2.53732318480 -2.28519713909 -2.45433113090 -2.53183598305 -2.77976968044 -2.96800174754 -2.80629691897 -2.97009129733 -3.04293729585 -2.90616589399 -2.85452442837 -2.86196328084 -3.05696208143 -3.21565828106 -3.34935645443 -3.45035124649 -3.35734348587 -3.36664937877 -3.46629373247 -3.28322589843 -3.14062889032 -3.06432281652 -3.11349896885 -3.62608488830 -4.02471579540 -3.75787640784 -3.16824829537 -3.17129857566 -3.44087287239 -3.45215819274 -3.27432526891 -3.11449175578 -3.05669331408 -3.14281663097 -3.51301638645 -3.32522828636 -3.13744018950 -3.16224970540 -3.14568554466 -3.13520897091
# sel_dif1_fsh:
1.00000000000
# sel_a501_fsh:
3.00000000000
# sel_trm2_fsh:
0.900000000000
# sel_dif2_fsh:
5.00000000000
# sel_dif1_fsh_dev:
 0.00000000000 0.00000000000 0.00000000000 0.00000000000 0.00000000000 0.00000000000 0.00000000000 0.00000000000 0.00000000000 0.00000000000 0.00000000000 0.00000000000 0.00000000000 0.00000000000 0.00000000000 0.00000000000 0.00000000000 0.00000000000 0.00000000000 0.00000000000 0.00000000000 0.00000000000 0.00000000000 0.00000000000 0.00000000000 0.00000000000 0.00000000000 0.00000000000 0.00000000000 0.00000000000 0.00000000000 0.00000000000 0.00000000000 0.00000000000 0.00000000000 0.00000000000 0.00000000000 0.00000000000 0.00000000000 0.00000000000 0.00000000000 0.00000000000 0.00000000000 0.00000000000 0.00000000000 0.00000000000 0.00000000000 0.00000000000 0.00000000000 0.00000000000 0.00000000000 0.00000000000 0.00000000000 0.00000000000 0.00000000000 0.00000000000 0.00000000000 0.00000000000 0.00000000000 0.00000000000 0.00000000000
# sel_a501_fsh_dev:
 0.00000000000 0.00000000000 0.00000000000 0.00000000000 0.00000000000 0.00000000000 0.00000000000 0.00000000000 0.00000000000 0.00000000000 0.00000000000 0.00000000000 0.00000000000 0.00000000000 0.00000000000 0.00000000000 0.00000000000 0.00000000000 0.00000000000 0.00000000000 0.00000000000 0.00000000000 0.00000000000 0.00000000000 0.00000000000 0.00000000000 0.00000000000 0.00000000000 0.00000000000 0.00000000000 0.00000000000 0.00000000000 0.00000000000 0.00000000000 0.00000000000 0.00000000000 0.00000000000 0.00000000000 0.00000000000 0.00000000000 0.00000000000 0.00000000000 0.00000000000 0.00000000000 0.00000000000 0.00000000000 0.00000000000 0.00000000000 0.00000000000 0.00000000000 0.00000000000 0.00000000000 0.00000000000 0.00000000000 0.00000000000 0.00000000000 0.00000000000 0.00000000000 0.00000000000 0.00000000000 0.00000000000
# sel_trm2_fsh_dev:
 0.00000000000 0.00000000000 0.00000000000 0.00000000000 0.00000000000 0.00000000000 0.00000000000 0.00000000000 0.00000000000 0.00000000000 0.00000000000 0.00000000000 0.00000000000 0.00000000000 0.00000000000 0.00000000000 0.00000000000 0.00000000000 0.00000000000 0.00000000000 0.00000000000 0.00000000000 0.00000000000 0.00000000000 0.00000000000 0.00000000000 0.00000000000 0.00000000000 0.00000000000 0.00000000000 0.00000000000 0.00000000000 0.00000000000 0.00000000000 0.00000000000 0.00000000000 0.00000000000 0.00000000000 0.00000000000 0.00000000000 0.00000000000 0.00000000000 0.00000000000 0.00000000000 0.00000000000 0.00000000000 0.00000000000 0.00000000000 0.00000000000 0.00000000000 0.00000000000 0.00000000000 0.00000000000 0.00000000000 0.00000000000 0.00000000000 0.00000000000 0.00000000000 0.00000000000 0.00000000000 0.00000000000
# rec_dev_future:
 0.00000000000 0.00000000000 0.00000000000 0.00000000000 0.00000000000
# M_dev:
 0.00000000000 0.00000000000 0.00000000000 0.00000000000 0.00000000000 0.00000000000 0.00000000000 0.00000000000 0.00000000000 0.00000000000 0.00000000000 0.00000000000 0.00000000000 0.00000000000 0.00000000000 0.00000000000 0.00000000000 0.00000000000 0.00000000000 0.00000000000 0.00000000000 0.00000000000 0.00000000000 0.00000000000 0.00000000000 0.00000000000 0.00000000000 0.00000000000 0.00000000000 0.00000000000 0.00000000000 0.00000000000 0.00000000000 0.00000000000 0.00000000000 0.00000000000 0.00000000000 0.00000000000 0.00000000000 0.00000000000 0.00000000000 0.00000000000 0.00000000000 0.00000000000 0.00000000000 0.00000000000 0.00000000000 0.00000000000 0.00000000000 0.00000000000 0.00000000000 0.00000000000 0.00000000000 0.00000000000 0.00000000000 0.00000000000 0.00000000000 0.00000000000 0.00000000000 0.00000000000
# L1:
28.2780669263
# L2:
46.0963290893
# log_alpha:
-11.0000000000
# log_K:
-0.127712246955
# d_scale:
 0.524271031263 0.704796055310 0.765596315367 0.829605774365 0.869713536907 0.932864148280 0.978332020902 0.974084091346 0.994009996013 0.933090158085 0.952799213730 0.861007990020 1.00250077968
# coh_eff:
 0.00000000000 0.00000000000 0.00000000000 0.00000000000 0.00000000000 0.00000000000 0.00000000000 0.00000000000 0.00000000000 0.00000000000 0.00000000000 0.00000000000 0.00000000000 0.00000000000 0.00000000000 0.00000000000 -0.195727355965 0.270194232578 0.0178844928982 0.507849700500 -0.424942688247 0.557306876251 -0.494052334763 0.447586399757 0.0390423653064 -0.116121069753 -0.431926988789 -0.590149195464 0.549418522658 0.649130459034 1.12420990549 -0.0507826137629 0.605564091437 -0.0270278808858 -1.01445199422 -0.880882548801 -0.972450338675 0.848661170245 1.78563177288 0.499990015069 -0.989846843994 -0.0785234882670 0.964749503884 0.464439789303 0.393605555493 -0.0710533006912 0.382437830889 0.875274548895 1.45540090306 0.411144167257 -0.804028952895 -1.12250309500 -0.453700911468 -1.67131731464 -0.775240217590 -1.53854953894 -2.03471539410 -1.88593695545 -1.15802448943 0.720734770639 0.774457869668 0.0191161583877 0.321799910919 0.564117655957 1.40880574641 0.370852626193 0.189006833432 1.11705019746 1.66502126826 0.353911023112 0.00000000000 0.00000000000
# yr_eff:
 0.00000000000 0.182048737819 -0.0368456551996 0.255813145848 0.285237571426 1.41123384470 0.323885626998 1.80156683189 0.261992767495 0.994121403164 1.05416206157 0.686783703925 -0.0135129905173 0.710121302570 -0.714575603644 -0.0426550808609 -1.56818013214 -0.750078131121 -1.17331881331 -0.904121073984 0.295508825855 0.0313348661466 0.0445352179706 0.820971908532 -0.0655039447259 -0.492021860955 -0.720847300514 -0.326736323625 -0.623959523402 -0.447259956625 -0.347642128582 0.433006674076 -0.0962548639933 -0.206934576873 -0.437963741263 -0.880862726085 -0.255303496811 0.847882003357 0.262083566533 1.32470160565 0.497071387508 0.644254213117 0.0107438602951 0.428681068644 0.558671273069 -2.25875970584 -0.485372860471 -0.209311864488 -1.02216158644 0.652145103487 -1.76718706596 -1.55095934127 -0.242907029739 -3.43125732447 0.849623623152 0.00000000000 0.00000000000 0.00000000000 0.00000000000 0.00000000000
# resid_temp_x1:
0.00000000000
# resid_temp_x2:
0.00000000000
# log_a_II:
 -6.00000000000 -6.00000000000 -6.00000000000
 -6.00000000000 -6.00000000000 -6.00000000000
# log_b_II:
 6.00000000000 6.00000000000 6.00000000000
 6.00000000000 6.00000000000 6.00000000000
# log_a_II_vec:
 -4.00000000000 -4.00000000000
# log_b_II_vec:
 2.50000000000 2.50000000000
# log_rho:
 -2.50000000000 -2.50000000000 -2.50000000000
 -2.50000000000 -2.50000000000 -2.50000000000
# log_resid_M:
 -1.45000000000 -1.45000000000 -1.45000000000
